Confusion Matrix

[[2 0 0 0 0 0 0 1 0 0]
 [0 4 0 1 0 0 0 0 0 0]
 [0 0 2 0 0 0 0 0 0 0]
 [0 0 0 1 0 0 0 0 0 0]
 [0 0 0 0 5 0 0 0 0 0]
 [0 0 0 0 0 1 0 0 0 0]
 [0 0 1 0 0 0 4 0 0 0]
 [0 0 0 0 0 0 0 4 1 0]
 [0 0 0 0 0 0 1 0 3 0]
 [0 0 0 0 0 0 0 0 0 1]]



			Classification Report
              precision    recall  f1-score   support

           1       1.00      0.67      0.80         3
           2       1.00      0.80      0.89         5
           3       0.67      1.00      0.80         2
           4       0.50      1.00      0.67         1
           5       1.00      1.00      1.00         5
           6       1.00      1.00      1.00         1
           7       0.80      0.80      0.80         5
           8       0.80      0.80      0.80         5
           9       0.75      0.75      0.75         4
          10       1.00      1.00      1.00         1

    accuracy                           0.84        32
   macro avg       0.85      0.88      0.85        32
weighted avg       0.87      0.84      0.85        32